536.0735816,
561.0867587,
585.9792724,
610.6911546,
635.1628719,
659.3354701,
683.1507151,
706.5512339,
729.4806527,
751.8837325,
773.7065023,
794.8963891,
815.4023446,
835.1749682,
854.1666259,
872.3315652,
889.6260251,
906.0083417,
921.4390486,
935.8809719,
949.2993197,
961.6617661,
972.9385288,
983.1024411,
992.1290173,
999.9965116,
1006.68597,
1012.181278,
1016.469197,
1019.539395,
1021.384478,
1022,
1021.384478,
1019.539395,
1016.469197,
1012.181278,
1006.68597,
999.9965116,
992.1290173,
983.1024411,
972.9385288,
961.6617661,
949.2993197,
935.8809719,
921.4390486,
906.0083417,
889.6260251,
872.3315652,
854.1666259,
835.1749682,
815.4023446,
794.8963891,
773.7065023,
751.8837325,
729.4806527,
706.5512339,
683.1507151,
659.3354701,
635.1628719,
610.6911546,
585.9792724,
561.0867587,
536.0735816,
511,
485.9264184,
460.9132413,
436.0207276,
411.3088454,
386.8371281,
362.6645299,
338.8492849,
315.4487661,
292.5193473,
270.1162675,
248.2934977,
227.1036109,
206.5976554,
186.8250318,
167.8333741,
149.6684348,
132.3739749,
115.9916583,
100.5609514,
86.11902811,
72.70068029,
60.33823392,
49.06147121,
38.89755889,
29.87098269,
22.00348844,
15.31402962,
9.818721714,
5.530803408,
2.460604671,
0.615521879,
0,
0.615521879,
2.460604671,
5.530803408,
9.818721714,
15.31402962,
22.00348844,
29.87098269,
38.89755889,
49.06147121,
60.33823392,
72.70068029,
86.11902811,
100.5609514,
115.9916583,
132.3739749,
149.6684348,
167.8333741,
186.8250318,
206.5976554,
227.1036109,
248.2934977,
270.1162675,
292.5193473,
315.4487661,
338.8492849,
362.6645299,
386.8371281,
411.3088454,
436.0207276,
460.9132413,
485.9264184,
